-6.45346e-15	6.56695e-15
-16	-16
1.39796e-12	1.41102e-12
-7.30993e-15	5.36617e-15
5.55302e-13	5.68209e-13
-6.94101e-13	-7.07714e-13
3.54625e-13	3.67459e-13
6.82461e-13	7.21339e-13
2.60984e-13	2.73892e-13
-8.23261e-13	-8.61552e-13
2.06226e-13	2.19155e-13
1.34009e-13	1.46661e-13
1.70293e-13	1.83083e-13
-1.9353e-13	-2.06705e-13
1.44874e-13	1.57716e-13
8.55426e-13	9.46357e-13
1.25662e-13	1.3874e-13
-8.91304e-13	-9.81943e-13
1.10774e-13	1.23888e-13
8.70589e-14	1.00002e-13
9.88703e-14	1.12037e-13
-1.08224e-13	-1.20858e-13
8.92299e-14	1.02401e-13
2.36039e-13	2.74396e-13
8.12953e-14	9.4239e-14
-2.50396e-13	-2.88815e-13
7.44083e-14	8.74265e-14
6.29526e-14	7.57597e-14
6.85636e-14	8.15756e-14
-7.34916e-14	-8.61435e-14
6.35811e-14	7.65374e-14
8.84092e-13	1.07689e-12
5.91897e-14	7.22092e-14
-8.91591e-13	-1.08402e-12
5.52531e-14	6.82763e-14
4.83619e-14	6.1361e-14
5.19128e-14	6.47901e-14
-5.48705e-14	-6.76313e-14
4.88393e-14	6.17776e-14
1.3487e-13	1.73639e-13
4.5844e-14	5.8917e-14
-1.40784e-13	-1.79198e-13
4.33794e-14	5.63891e-14
3.88491e-14	5.17992e-14
4.10057e-14	5.41526e-14
-4.33818e-14	-5.59352e-14
3.9001e-14	5.19244e-14
2.57539e-13	3.47678e-13
3.7047e-14	5.00516e-14
-2.61792e-13	-3.51808e-13
3.50608e-14	4.83403e-14
3.22264e-14	4.50475e-14
3.34454e-14	4.66471e-14
-3.50084e-14	-4.78239e-14
3.19908e-14	4.51788e-14
9.07542e-14	1.29616e-13
3.07746e-14	4.38205e-14
-9.40149e-14	-1.32255e-13
2.93437e-14	4.23847e-14
2.71709e-14	4.00423e-14
2.81598e-14	4.12549e-14
-2.9468e-14	-4.23635e-14
2.67811e-14	4.01968e-14
8.04139e-13	1.20499e-12
2.5794e-14	3.88894e-14
-8.0911e-13	-1.20844e-12
2.43172e-14	3.80855e-14
2.18081e-14	3.58159e-14
2.27967e-14	3.59791e-14
-2.54186e-14	-3.96625e-14
2.37822e-14	3.42473e-14
6.71122e-14	1.03739e-13
2.35902e-14	3.49586e-14
-6.72871e-14	-1.06451e-13
2.18276e-14	3.44777e-14
2.03946e-14	3.28958e-14
2.11314e-14	3.35666e-14
-2.10425e-14	-3.40731e-14
2.03614e-14	3.30437e-14
1.34737e-13	2.25022e-13
1.95741e-14	3.22322e-14
-1.3611e-13	-2.26484e-13
1.88805e-14	3.15839e-14
1.78973e-14	3.02382e-14
1.8249e-14	3.09369e-14
-1.84257e-14	-3.15205e-14
1.78217e-14	3.01837e-14
5.07032e-14	8.9206e-14
1.69448e-14	2.96367e-14
-5.07089e-14	-8.92254e-14
1.62894e-14	2.93312e-14
1.5382e-14	2.79605e-14
1.60328e-14	2.88004e-14
-1.61769e-14	-2.93459e-14
1.54247e-14	2.82593e-14
2.22716e-13	4.16916e-13
1.49273e-14	2.77236e-14
-2.23361e-13	-4.1652e-13
1.43962e-14	2.72798e-14
1.35769e-14	2.62328e-14
1.40418e-14	2.6885e-14
-1.42684e-14	-2.70475e-14
1.36774e-14	2.65329e-14
3.9178e-14	7.77883e-14
1.31274e-14	2.62025e-14
-3.94902e-14	-7.8312e-14
1.26626e-14	2.57254e-14
1.22608e-14	2.48696e-14
1.23584e-14	2.52936e-14
-1.27301e-14	-2.55209e-14
1.19763e-14	2.49287e-14
8.10966e-14	1.71256e-13
1.15654e-14	2.46191e-14
-8.138e-14	-1.72169e-13
1.12569e-14	2.41652e-14
1.06515e-14	2.34241e-14
1.09089e-14	2.37962e-14
-1.14118e-14	-2.39248e-14
1.07167e-14	2.34671e-14
3.10844e-14	6.94587e-14
1.03286e-14	2.33836e-14
-3.11328e-14	-6.97169e-14
9.90497e-15	2.3112e-14
9.31705e-15	2.23897e-14
9.78076e-15	2.26035e-14
-1.00404e-14	-2.26969e-14
9.47829e-15	2.24186e-14
5.76389e-13	1.38859e-12
9.16776e-15	2.20859e-14
-5.762e-13	-1.3913e-12
8.8554e-15	2.1789e-14
8.35555e-15	2.15009e-14
8.55847e-15	2.15608e-14
-8.84719e-15	-2.19402e-14
8.26777e-15	2.13786e-14
2.42237e-14	6.27352e-14
8.31202e-15	2.10333e-14
-2.54303e-14	-6.28982e-14
9.41954e-15	2.07195e-14
5.65277e-15	2.01944e-14
9.24245e-15	2.06369e-14
-8.7859e-15	-2.08187e-14
7.60626e-15	2.04673e-14
5.04125e-14	1.4066e-13
7.0969e-15	2.00949e-14
-5.061e-14	-1.40964e-13
7.06424e-15	1.99312e-14
6.55197e-15	1.93219e-14
6.86739e-15	1.98639e-14
-7.179e-15	-1.96959e-14
6.60927e-15	1.96188e-14
1.88896e-14	5.77275e-14
6.37428e-15	1.9287e-14
-1.92174e-14	-5.79919e-14
6.16883e-15	1.91348e-14
5.64838e-15	1.86368e-14
6.05172e-15	1.88738e-14
-6.09346e-15	-1.90472e-14
5.8016e-15	1.86712e-14
8.40514e-14	2.78433e-13
5.65874e-15	1.86329e-14
-8.48588e-14	-2.78305e-13
5.46412e-15	1.83053e-14
5.10374e-15	1.79803e-14
5.34745e-15	1.81121e-14
-5.45303e-15	-1.83798e-14
5.16222e-15	1.80446e-14
1.48573e-14	5.34236e-14
4.97259e-15	1.78817e-14
-1.49442e-14	-5.31554e-14
4.81447e-15	1.7757e-14
4.68961e-15	1.71232e-14
4.72139e-15	1.74143e-14
-4.49403e-15	-1.7829e-14
4.59678e-15	1.72482e-14
3.05694e-14	1.20573e-13
4.27239e-15	1.7158e-14
-3.03328e-14	-1.209e-13
4.0491e-15	1.70654e-14
3.67441e-15	1.69535e-14
4.06146e-15	1.70454e-14
-3.82577e-15	-1.70024e-14
3.9754e-15	1.6873e-14
1.13061e-14	4.97877e-14
3.78069e-15	1.65986e-14
-1.11525e-14	-5.0294e-14
3.61291e-15	1.65152e-14
3.43716e-15	1.6124e-14
3.64451e-15	1.61897e-14
-3.62825e-15	-1.65446e-14
3.38247e-15	1.64581e-14
9.97535e-14	4.99673e-13
3.06105e-15	1.66773e-14
-9.88578e-14	-4.99297e-13
3.06832e-15	1.60896e-14
2.9059e-15	1.59235e-14
2.84804e-15	1.59665e-14
-3.10784e-15	-1.58417e-14
2.62348e-15	1.58184e-14
7.78729e-15	4.65967e-14
2.6077e-15	1.56726e-14
-8.37699e-15	-4.686e-14
2.34193e-15	1.55461e-14
2.46783e-15	1.54003e-14
2.25038e-15	1.53778e-14
-2.71568e-15	-1.53908e-14
1.92252e-15	1.52039e-14
1.48175e-14	1.05366e-13
2.07535e-15	1.44912e-14
-1.57794e-14	-1.06785e-13
2.57031e-15	1.47299e-14
2.26523e-15	1.50759e-14
2.33377e-15	1.5066e-14
-1.905e-15	-1.49569e-14
2.08841e-15	1.4882e-14
5.45079e-15	4.4131e-14
1.92749e-15	1.47846e-14
-5.36557e-15	-4.41001e-14
1.78618e-15	1.46903e-14
1.55714e-15	1.42971e-14
1.5731e-15	1.46188e-14
-1.65382e-15	-1.46035e-14
1.54856e-15	1.44233e-14
2.01969e-14	2.14758e-13
1.56994e-15	1.43497e-14
-2.19192e-14	-2.15107e-13
1.47306e-15	1.4258e-14
1.27546e-15	1.40026e-14
1.42365e-15	1.41674e-14
-1.49138e-15	-1.42382e-14
1.23139e-15	1.41421e-14
3.03727e-15	4.17289e-14
1.04788e-15	1.39973e-14
-3.01425e-15	-4.19637e-14
9.59942e-16	1.39052e-14
8.09567e-16	1.35162e-14
9.2386e-16	1.39287e-14
-1.08715e-15	-1.35881e-14
8.26663e-16	1.37318e-14
4.52962e-15	9.5011e-14
6.96668e-16	1.36284e-14
-4.57049e-15	-9.53267e-14
6.57555e-16	1.35495e-14
2.49816e-16	1.33127e-14
5.04058e-16	1.34931e-14
-7.64244e-16	-1.34322e-14
4.92783e-16	1.32892e-14
1.02452e-15	3.96277e-14
2.5466e-16	1.33491e-14
-1.03035e-15	-3.96187e-14
1.25829e-16	1.31431e-14
8.19442e-17	1.29703e-14
2.53681e-16	1.31031e-14
-1.56257e-16	-1.30516e-14
1.54426e-16	1.30453e-14
7.60189e-16	1.64019e-12
-8.65141e-17	1.29779e-14
-6.09295e-16	-1.6421e-12
-1.23071e-16	1.27707e-14
-5.64186e-16	1.26701e-14
-9.47722e-17	1.26077e-14
3.68822e-16	-1.30007e-14
-1.1042e-16	1.25983e-14
-1.07401e-15	3.77815e-14
-3.73837e-16	1.27029e-14
7.17077e-16	-3.76808e-14
-4.57361e-16	1.26215e-14
-6.24996e-16	1.26582e-14
-4.98928e-16	1.25176e-14
5.52426e-16	-1.23298e-14
-6.64101e-16	1.26085e-14
-4.44839e-15	8.58868e-14
-6.17485e-16	1.2547e-14
3.91895e-15	-8.6153e-14
-6.62392e-16	1.2413e-14
-8.17076e-16	1.268e-14
-1.75757e-15	1.22492e-14
-1.68652e-16	-1.27412e-14
-1.52472e-15	1.16194e-14
-3.51234e-15	3.52756e-14
-5.81542e-16	1.13544e-14
3.22784e-15	-3.61592e-14
-8.60495e-16	1.18807e-14
-9.13885e-16	1.15467e-14
-8.7563e-16	1.1909e-14
1.06407e-15	-1.21246e-14
-1.01237e-15	1.17244e-14
-1.75706e-14	1.76951e-13
-1.06504e-15	1.16825e-14
1.70079e-14	-1.76277e-13
-1.28185e-15	1.16415e-14
-1.32867e-15	1.16352e-14
-1.41651e-15	1.14571e-14
1.38504e-15	-1.16328e-14
-1.35224e-15	1.13775e-14
-3.91335e-15	3.4559e-14
-1.35441e-15	1.14137e-14
4.26413e-15	-3.49946e-14
-1.29147e-15	1.13707e-14
-1.59345e-15	1.11963e-14
-1.36423e-15	1.13372e-14
1.61159e-15	-1.14566e-14
-1.5584e-15	1.13557e-14
-1.16222e-14	7.91208e-14
-1.57815e-15	1.12643e-14
1.16014e-14	-7.8881e-14
-1.6766e-15	1.11439e-14
-1.8137e-15	1.11915e-14
-1.81587e-15	1.11257e-14
1.72648e-15	-1.10514e-14
-1.77685e-15	1.09879e-14
-5.97531e-15	3.24972e-14
-1.78717e-15	1.10145e-14
5.93092e-15	-3.32392e-14
-1.80444e-15	1.09179e-14
-2.00962e-15	1.10508e-14
-1.91074e-15	1.08898e-14
1.93799e-15	-1.10793e-14
-1.97629e-15	1.08988e-14
-6.58778e-14	3.33584e-13
-2.01051e-15	1.08057e-14
6.66928e-14	-3.34087e-13
-2.10686e-15	1.07297e-14
-2.32539e-15	1.03971e-14
-2.26302e-15	1.07852e-14
2.30878e-15	-1.07048e-14
-2.07662e-15	1.06165e-14
-7.26759e-15	3.1678e-14
-2.08085e-15	1.05204e-14
6.69648e-15	-3.16373e-14
-2.17379e-15	1.05543e-14
-2.85354e-15	1.02593e-14
-2.30433e-15	1.04656e-14
2.62994e-15	-1.05032e-14
-2.50305e-15	1.0311e-14
-1.82466e-14	7.23821e-14
-2.53035e-15	1.03679e-14
1.80444e-14	-7.26114e-14
-2.60541e-15	1.0252e-14
-2.39673e-15	1.01363e-14
-2.63808e-15	1.01914e-14
2.6225e-15	-1.0164e-14
-2.57054e-15	1.0225e-14
-8.64484e-15	2.99151e-14
-2.51806e-15	1.01139e-14
8.41608e-15	-3.00761e-14
-2.51479e-15	1.02745e-14
-2.75475e-15	1.02115e-14
-3.00166e-15	1.03528e-14
2.51017e-15	-9.76047e-15
-3.24104e-15	9.98175e-15
-4.53874e-14	1.49227e-13
-3.08234e-15	9.87275e-15
4.54631e-14	-1.48485e-13
-3.14315e-15	9.92595e-15
-3.26061e-15	9.77981e-15
-3.22467e-15	9.79677e-15
3.1759e-15	-9.78936e-15
-3.22797e-15	9.87816e-15
-9.39911e-15	2.92013e-14
-3.14937e-15	9.81052e-15
9.16365e-15	-2.93708e-14
-3.34472e-15	9.69739e-15
-3.42904e-15	9.81745e-15
-3.59542e-15	9.67934e-15
2.9277e-15	-9.76088e-15
-3.48564e-15	9.46318e-15
-2.3725e-14	6.66218e-14
-3.42319e-15	9.40681e-15
2.30769e-14	-6.67595e-14
-3.50275e-15	9.52035e-15
-3.50318e-15	9.31425e-15
-3.56275e-15	9.48728e-15
3.5122e-15	-9.46579e-15
-3.53735e-15	9.44349e-15
-1.07788e-14	2.79306e-14
-3.54092e-15	9.32782e-15
1.07318e-14	-2.79546e-14
-3.87104e-15	9.2251e-15
-3.77753e-15	9.1299e-15
-3.91262e-15	8.96081e-15
3.51074e-15	-9.25188e-15
-3.81841e-15	8.88503e-15
-2.39683e-13	5.75383e-13
-3.74962e-15	9.07582e-15
2.38563e-13	-5.77747e-13
-3.72924e-15	9.08214e-15
-3.9693e-15	9.0526e-15
-3.73609e-15	8.98894e-15
3.80487e-15	-9.08373e-15
-3.86598e-15	8.9942e-15
-1.20747e-14	2.66168e-14
-4.00526e-15	8.95023e-15
1.18656e-14	-2.67303e-14
-4.02126e-15	8.94549e-15
-4.13153e-15	8.84976e-15
-4.16738e-15	8.89109e-15
3.93366e-15	-8.881e-15
-4.11358e-15	8.56498e-15
-2.90638e-14	6.11153e-14
-3.95217e-15	8.65712e-15
2.89015e-14	-6.1441e-14
-4.1192e-15	8.75171e-15
-4.20905e-15	8.59928e-15
-4.09366e-15	8.62769e-15
4.10601e-15	-8.44184e-15
-4.19588e-15	8.68288e-15
-1.30689e-14	2.57123e-14
-4.24017e-15	8.62447e-15
1.2924e-14	-2.59667e-14
-4.2406e-15	8.57333e-15
-4.33608e-15	8.44088e-15
-4.37047e-15	8.61696e-15
4.30445e-15	-8.31435e-15
-4.40403e-15	8.50539e-15
-6.70364e-14	1.26368e-13
-4.9859e-15	8.4188e-15
6.74676e-14	-1.26452e-13
-5.07126e-15	8.37941e-15
-4.08619e-15	8.56694e-15
-4.60017e-15	8.30459e-15
4.50384e-15	-8.46915e-15
-4.58364e-15	8.34064e-15
-1.4145e-14	2.47552e-14
-4.71888e-15	8.28541e-15
1.39668e-14	-2.48286e-14
-4.63753e-15	8.17627e-15
-4.57597e-15	7.85197e-15
-4.70349e-15	8.08674e-15
4.75137e-15	-8.19602e-15
-4.64758e-15	8.16952e-15
-3.41052e-14	5.62155e-14
-4.70536e-15	8.06911e-15
3.39378e-14	-5.7003e-14
-4.78528e-15	8.12226e-15
-4.85174e-15	8.09869e-15
-4.9462e-15	8.03977e-15
4.91161e-15	-8.00664e-15
-5.02798e-15	7.87313e-15
-1.46553e-14	2.39227e-14
-5.05961e-15	7.92807e-15
1.48871e-14	-2.3328e-14
-5.06821e-15	7.97195e-15
-5.28025e-15	7.81596e-15
-5.06818e-15	7.83562e-15
5.21052e-15	-8.07127e-15
-5.18014e-15	7.80221e-15
-1.6013e-13	2.40623e-13
-5.14907e-15	7.88412e-15
1.60835e-13	-2.3996e-13
-5.27603e-15	7.78378e-15
-5.35375e-15	7.65992e-15
-5.43583e-15	7.77122e-15
4.97432e-15	-7.57083e-15
-5.43172e-15	7.65185e-15
-1.63865e-14	2.27603e-14
-5.30824e-15	7.54109e-15
1.60838e-14	-2.25605e-14
-5.43643e-15	7.57938e-15
-5.43134e-15	7.34477e-15
-5.59844e-15	7.62112e-15
5.31163e-15	-7.41129e-15
-5.44486e-15	7.60128e-15
-3.83654e-14	5.15867e-14
-5.44033e-15	7.58208e-15
3.88716e-14	-5.17185e-14
-6.10182e-15	7.39211e-15
-5.20109e-15	7.70464e-15
-6.21101e-15	6.46573e-15
6.01538e-15	-7.38483e-15
-5.5705e-15	6.30131e-15
-1.67064e-14	2.15559e-14
-5.62312e-15	7.11518e-15
1.68611e-14	-2.2027e-14
-5.48121e-15	7.17472e-15
-5.58045e-15	7.03492e-15
-5.56704e-15	7.00012e-15
5.63791e-15	-7.10406e-15
-5.63173e-15	7.10243e-15
-8.69628e-14	1.06603e-13
-5.66518e-15	7.07682e-15
8.72051e-14	-1.06762e-13
-5.71079e-15	7.00804e-15
-5.88995e-15	6.98104e-15
-5.76066e-15	7.0179e-15
6.31518e-15	-7.05477e-15
-5.77443e-15	7.25031e-15
-1.79463e-14	2.10013e-14
-6.05568e-15	7.09826e-15
1.75241e-14	-2.08613e-14
-6.09084e-15	6.77133e-15
-6.11015e-15	6.85277e-15
-6.05924e-15	6.73875e-15
6.04994e-15	-6.95259e-15
-6.08497e-15	6.8992e-15
-4.27113e-14	4.67037e-14
-6.1246e-15	6.80685e-15
4.32593e-14	-4.76136e-14
-6.08523e-15	6.66642e-15
-6.07446e-15	6.87604e-15
-6.09071e-15	6.70809e-15
6.16701e-15	-6.68085e-15
-6.34687e-15	6.75947e-15
-1.87908e-14	1.99385e-14
-6.45071e-15	6.52954e-15
1.88918e-14	-1.99494e-14
-6.43935e-15	6.51454e-15
-6.2193e-15	6.31574e-15
-6.47626e-15	6.48953e-15
6.28991e-15	-6.45552e-15
-6.29342e-15	6.54935e-15
-1.65048e-12	1.65048e-12
-6.48697e-15	6.44222e-15
1.64671e-12	-1.64546e-12
-6.57183e-15	6.30332e-15
-6.70314e-15	6.2342e-15
-6.43827e-15	6.33916e-15
6.53763e-15	-6.51881e-15
-6.38447e-15	6.34832e-15
-1.99525e-14	1.87369e-14
-6.41817e-15	6.2165e-15
1.99607e-14	-1.92125e-14
-6.60926e-15	6.27123e-15
-6.57508e-15	6.03438e-15
-6.75613e-15	6.14172e-15
6.56731e-15	-6.26112e-15
-6.65675e-15	6.17581e-15
-4.71433e-14	4.30824e-14
-6.76791e-15	6.06404e-15
4.76684e-14	-4.27712e-14
-6.78656e-15	6.07579e-15
-6.81813e-15	6.02254e-15
-6.87049e-15	6.06656e-15
7.05009e-15	-6.11333e-15
-6.77038e-15	5.99307e-15
-2.05463e-14	1.78797e-14
-6.78651e-15	6.04612e-15
2.09781e-14	-1.78867e-14
-7.13301e-15	6.25927e-15
-7.26271e-15	6.10241e-15
-7.25925e-15	5.93735e-15
6.70054e-15	-5.90297e-15
-7.09383e-15	5.73181e-15
-1.07116e-13	8.68995e-14
-7.17147e-15	5.62437e-15
1.06124e-13	-8.77082e-14
-7.23678e-15	5.80629e-15
-7.37856e-15	5.75509e-15
-7.02829e-15	5.60352e-15
7.28705e-15	-5.86964e-15
-7.26974e-15	5.52187e-15
-2.14137e-14	1.65961e-14
-7.36511e-15	5.45911e-15
2.16191e-14	-1.74525e-14
-6.53094e-15	5.56843e-15
-7.51684e-15	5.26421e-15
-6.66209e-15	6.52872e-15
6.90679e-15	-5.4508e-15
-7.46082e-15	6.45741e-15
-5.24799e-14	3.82727e-14
-7.49169e-15	5.54436e-15
5.16786e-14	-3.79566e-14
-7.54184e-15	5.53909e-15
-7.39012e-15	5.39561e-15
-7.48658e-15	5.61813e-15
7.44342e-15	-5.26573e-15
-7.47921e-15	5.47772e-15
-2.27732e-14	1.5931e-14
-7.50356e-15	5.37001e-15
2.26775e-14	-1.59053e-14
-7.59069e-15	5.37383e-15
-7.47427e-15	5.54487e-15
-7.65507e-15	5.43954e-15
7.34177e-15	-5.33496e-15
-7.64554e-15	5.31243e-15
-2.39748e-13	1.59896e-13
-7.80758e-15	5.23212e-15
2.40445e-13	-1.60774e-13
-7.91831e-15	5.17964e-15
-8.10332e-15	5.04603e-15
-7.82804e-15	5.09753e-15
7.68364e-15	-5.0432e-15
-7.84105e-15	5.12092e-15
-2.34818e-14	1.51564e-14
-7.87197e-15	5.08365e-15
2.38818e-14	-1.53068e-14
-7.8746e-15	4.95907e-15
-8.14327e-15	4.86237e-15
-7.97431e-15	5.06867e-15
7.81728e-15	-4.82398e-15
-8.11667e-15	4.96469e-15
-5.67407e-14	3.37731e-14
-8.25767e-15	4.81107e-15
5.66403e-14	-3.40131e-14
-8.2522e-15	4.82967e-15
-7.97697e-15	4.81521e-15
-8.1911e-15	4.75172e-15
7.94949e-15	-4.83288e-15
-8.23422e-15	4.77743e-15
-2.46e-14	1.40786e-14
-8.30685e-15	4.68993e-15
2.45196e-14	-1.4134e-14
-8.31869e-15	4.57572e-15
-8.41529e-15	4.62626e-15
-8.42118e-15	4.53626e-15
7.93967e-15	-4.62463e-15
-7.80659e-15	4.57376e-15
-1.27234e-13	6.75504e-14
-7.86576e-15	4.50619e-15
1.2585e-13	-6.84284e-14
-8.52579e-15	4.46806e-15
-8.66549e-15	4.5714e-15
-8.56183e-15	4.42419e-15
8.49606e-15	-4.5392e-15
-8.59431e-15	4.30992e-15
-2.58751e-14	1.28982e-14
-8.63149e-15	4.33078e-15
2.56146e-14	-1.30179e-14
-8.76161e-15	4.30794e-15
-8.66291e-15	4.19057e-15
-8.75998e-15	4.25535e-15
8.6856e-15	-3.95011e-15
-8.83879e-15	4.14573e-15
-6.19178e-14	2.89428e-14
-9.01454e-15	4.03297e-15
6.11785e-14	-2.95502e-14
-8.82479e-15	3.94724e-15
-8.76351e-15	3.93093e-15
-8.73738e-15	4.0658e-15
8.90115e-15	-4.01474e-15
-8.92264e-15	3.96717e-15
-2.69088e-14	1.19131e-14
-8.95385e-15	3.94212e-15
2.72498e-14	-1.17458e-14
-8.9708e-15	3.93115e-15
-8.95255e-15	3.64745e-15
-9.04448e-15	3.81226e-15
9.00866e-15	-4.0286e-15
-9.14687e-15	3.69963e-15
-5.7626e-13	2.3804e-13
-9.17821e-15	3.73055e-15
5.76826e-13	-2.39216e-13
-8.86733e-15	3.78322e-15
-9.19999e-15	3.51606e-15
-8.90882e-15	4.01621e-15
8.91677e-15	-3.75499e-15
-9.25162e-15	3.91805e-15
-2.81059e-14	1.09211e-14
-9.32607e-15	3.60261e-15
2.79054e-14	-1.06724e-14
-9.3951e-15	3.5122e-15
-9.47883e-15	3.62493e-15
-9.37763e-15	3.56218e-15
9.43789e-15	-3.40537e-15
-9.42986e-15	3.62642e-15
-6.63849e-14	2.32827e-14
-9.22235e-15	3.38021e-15
6.6992e-14	-2.42306e-14
-9.49459e-15	3.49584e-15
-9.51832e-15	3.45454e-15
-9.52611e-15	3.51849e-15
9.4499e-15	-3.12415e-15
-9.64247e-15	3.19368e-15
-2.90856e-14	9.4265e-15
-9.81518e-15	3.26935e-15
2.91513e-14	-9.92927e-15
-9.80421e-15	3.21615e-15
-9.84522e-15	3.04231e-15
-9.7531e-15	3.16855e-15
9.71155e-15	-3.01184e-15
-9.73643e-15	3.04123e-15
-1.49103e-13	4.50534e-14
-9.92107e-15	3.0392e-15
1.48552e-13	-4.50429e-14
-9.69062e-15	3.06244e-15
-9.81817e-15	3.12656e-15
-9.83158e-15	3.30503e-15
9.80422e-15	-2.60949e-15
-1.03537e-14	3.11087e-15
-3.06783e-14	8.39301e-15
-1.03339e-14	2.79988e-15
3.02956e-14	-8.57709e-15
-1.03767e-14	2.76844e-15
-9.99798e-15	2.68747e-15
-1.03198e-14	2.61502e-15
9.93101e-15	-2.63289e-15
-1.03416e-14	2.77928e-15
-7.25303e-14	1.74387e-14
-1.04279e-14	2.60978e-15
7.21766e-14	-1.83209e-14
-1.04032e-14	2.44029e-15
-1.08948e-14	2.31083e-15
-1.06557e-14	2.43988e-15
1.06835e-14	-2.41032e-15
-1.07442e-14	2.49556e-15
-3.12952e-14	7.04493e-15
-1.07962e-14	2.28562e-15
3.16062e-14	-7.17794e-15
-1.0829e-14	2.30892e-15
-1.07245e-14	2.47048e-15
-1.06864e-14	2.31757e-15
1.07276e-14	-2.32121e-15
-1.07025e-14	2.14089e-15
-3.33229e-13	6.58481e-14
-1.08226e-14	2.13284e-15
3.3469e-13	-6.70281e-14
-1.09582e-14	2.14644e-15
-1.08998e-14	1.97584e-15
-1.0994e-14	2.01614e-15
1.0855e-14	-2.07085e-15
-1.10625e-14	1.96319e-15
-3.33258e-14	5.5191e-15
-1.11596e-14	1.8377e-15
3.31806e-14	-5.78655e-15
-1.11447e-14	1.8098e-15
-1.11885e-14	1.73308e-15
-1.1119e-14	1.80318e-15
1.10566e-14	-1.7918e-15
-1.12364e-14	1.66943e-15
-7.88771e-14	1.12082e-14
-1.13032e-14	1.6111e-15
7.89526e-14	-1.18062e-14
-1.13433e-14	1.64997e-15
-1.15141e-14	1.20061e-15
-1.14105e-14	1.50217e-15
1.11638e-14	-1.52982e-15
-1.15397e-14	1.32714e-15
-3.44419e-14	4.16815e-15
-1.15178e-14	1.33846e-15
3.43024e-14	-4.643e-15
-1.13011e-14	1.44421e-15
-1.1761e-14	1.23703e-15
-1.13554e-14	1.40126e-15
1.14861e-14	-1.38376e-15
-1.17172e-14	1.31192e-15
-1.7653e-13	1.72162e-14
-1.17273e-14	1.15364e-15
1.76329e-13	-1.69963e-14
-1.16735e-14	9.37101e-16
-1.1915e-14	9.16183e-16
-1.18566e-14	9.18141e-16
1.18736e-14	-1.34535e-15
-1.20071e-14	9.03959e-16
-3.62766e-14	2.30579e-15
-1.11584e-14	9.16573e-16
3.71695e-14	-2.17067e-15
-1.13939e-14	1.34999e-15
-1.16492e-14	1.45758e-15
-1.24624e-14	1.5244e-15
1.1297e-14	-6.74342e-16
-1.24714e-14	8.43217e-16
-8.6381e-14	4.98105e-15
-1.26029e-14	6.4102e-16
8.61923e-14	-4.09324e-15
-1.25574e-14	7.57601e-16
-1.2658e-14	3.78755e-16
-1.25473e-14	5.34696e-16
1.22026e-14	-3.12849e-16
-1.26599e-14	4.47946e-16
-3.82426e-14	8.08114e-16
-1.27073e-14	4.38004e-16
3.76981e-14	-1.27598e-15
-1.28112e-14	2.50044e-16
-1.30209e-14	-2.09988e-16
-1.28767e-14	6.02981e-17
1.26424e-14	-4.39473e-17
-1.28069e-14	2.85313e-17
-1.64034e-12	1.16703e-15
-1.30133e-14	1.12616e-16
1.64196e-12	-1.02707e-15
-1.30979e-14	-3.6097e-17
-1.32761e-14	-2.7604e-16
-1.31312e-14	-9.71089e-17
1.2852e-14	1.62502e-16
-1.31824e-14	-2.61411e-16
-4.00926e-14	-9.76125e-16
-1.33363e-14	-1.87755e-16
3.97028e-14	1.12963e-15
-1.34509e-14	-3.86416e-16
-1.35827e-14	-3.5508e-16
-1.34535e-14	-6.19238e-16
1.34249e-14	1.39558e-16
-1.37034e-14	-5.11236e-16
-9.49265e-14	-4.53289e-15
-1.3734e-14	-6.30156e-16
9.51788e-14	4.68968e-15
-1.37219e-14	-7.45092e-16
-1.40679e-14	-7.77708e-16
-1.38944e-14	-8.10261e-16
1.36981e-14	6.73226e-16
-1.39462e-14	-9.41085e-16
-4.21187e-14	-3.26122e-15
-1.39793e-14	-9.84071e-16
4.17589e-14	3.0992e-15
-1.41992e-14	-1.11445e-15
-1.42322e-14	-1.19245e-15
-1.44103e-14	-1.1617e-15
1.41391e-14	9.31859e-16
-1.45003e-14	-1.19656e-15
-2.1568e-13	-2.06259e-14
-1.44642e-14	-1.4595e-15
2.15359e-13	2.07545e-14
-1.45358e-14	-1.49373e-15
-1.46155e-14	-1.73474e-15
-1.47295e-14	-1.5207e-15
1.44575e-14	1.55974e-15
-1.46832e-14	-1.69883e-15
-4.43666e-14	-5.28945e-15
-1.48554e-14	-1.79887e-15
4.41624e-14	5.34943e-15
-1.51043e-14	-1.95904e-15
-1.50871e-14	-2.10452e-15
-1.52688e-14	-1.96343e-15
1.42164e-14	1.84184e-15
-1.55317e-14	-2.41723e-15
-1.06129e-13	-1.6255e-14
-1.50376e-14	-2.87866e-15
1.06702e-13	1.53952e-14
-1.4789e-14	-2.4627e-15
-1.53553e-14	-2.48005e-15
-1.52321e-14	-2.21898e-15
1.52791e-14	2.31103e-15
-1.53368e-14	-2.38188e-15
-4.69358e-14	-8.04991e-15
-1.56323e-14	-2.71534e-15
4.71716e-14	8.05021e-15
-1.57788e-14	-2.85542e-15
-1.59289e-14	-2.93241e-15
-1.58707e-14	-2.74301e-15
1.55656e-14	2.66952e-15
-1.6048e-14	-2.96441e-15
-4.99691e-13	-9.94113e-14
-1.64329e-14	-2.94164e-15
5.00698e-13	9.91836e-14
-1.64225e-14	-3.50229e-15
-1.65201e-14	-3.74e-15
-1.62746e-14	-3.87241e-15
1.61779e-14	2.92222e-15
-1.65078e-14	-3.60703e-15
-5.0373e-14	-1.12679e-14
-1.66306e-14	-3.73643e-15
4.96595e-14	1.08692e-14
-1.67871e-14	-3.95189e-15
-1.73066e-14	-4.1153e-15
-1.70408e-14	-4.04604e-15
1.66914e-14	4.07348e-15
-1.71408e-14	-4.12133e-15
-1.20561e-13	-3.04311e-14
-1.71667e-14	-4.17024e-15
1.2041e-13	2.97243e-14
-1.73589e-14	-4.51671e-15
-1.78238e-14	-4.85712e-15
-1.75493e-14	-4.76972e-15
1.71235e-14	4.46406e-15
-1.76957e-14	-4.7086e-15
-5.36881e-14	-1.51951e-14
-1.78974e-14	-4.93677e-15
5.3898e-14	1.48828e-14
-1.80591e-14	-5.13721e-15
-1.83557e-14	-5.64639e-15
-1.82807e-14	-5.27143e-15
1.78802e-14	5.32996e-15
-1.83157e-14	-5.35822e-15
-2.7943e-13	-8.47789e-14
-1.86232e-14	-5.57366e-15
2.78057e-13	8.41055e-14
-1.88203e-14	-6.03955e-15
-1.88914e-14	-6.18839e-15
-1.8928e-14	-6.03516e-15
1.88502e-14	5.64172e-15
-1.91451e-14	-6.10285e-15
-5.80769e-14	-1.90389e-14
-1.9375e-14	-6.36144e-15
5.73495e-14	1.93276e-14
-1.94617e-14	-6.60969e-15
-1.99791e-14	-6.78514e-15
-1.97457e-14	-6.73294e-15
1.9635e-14	6.37259e-15
-1.99668e-14	-6.98163e-15
-1.40802e-13	-5.01876e-14
-2.00411e-14	-7.28295e-15
1.40904e-13	5.09121e-14
-2.05291e-14	-7.38988e-15
-2.00937e-14	-8.01015e-15
-2.21388e-14	-7.46458e-15
2.1904e-14	7.45759e-15
-2.24015e-14	-7.89743e-15
-6.22122e-14	-2.43606e-14
-2.12015e-14	-8.17764e-15
6.27686e-14	2.39525e-14
-2.12532e-14	-8.30643e-15
-2.2027e-14	-8.67042e-15
-2.15928e-14	-8.57418e-15
2.12149e-14	8.37615e-15
-2.18334e-14	-8.92632e-15
-1.38957e-12	-5.75393e-13
-2.20494e-14	-9.12825e-15
1.38868e-12	5.75364e-13
-2.24429e-14	-9.37286e-15
-2.28706e-14	-9.84407e-15
-2.27257e-14	-9.74202e-15
2.25131e-14	9.45053e-15
-2.28092e-14	-9.8556e-15
-6.98554e-14	-3.09266e-14
-2.32447e-14	-1.01254e-14
6.90389e-14	3.07316e-14
-2.35665e-14	-1.05012e-14
-2.44475e-14	-1.12878e-14
-2.38337e-14	-1.07797e-14
2.36379e-14	1.05251e-14
-2.42825e-14	-1.11247e-14
-1.7172e-13	-8.14474e-14
-2.45478e-14	-1.16281e-14
1.71384e-13	8.0764e-14
-2.4942e-14	-1.1919e-14
-2.56405e-14	-1.27072e-14
-2.53169e-14	-1.22092e-14
2.43845e-14	1.18484e-14
-2.56859e-14	-1.255e-14
-7.85847e-14	-3.94137e-14
-2.62813e-14	-1.30233e-14
7.74181e-14	3.89074e-14
-2.65829e-14	-1.35761e-14
-2.73343e-14	-1.43766e-14
-2.69114e-14	-1.40382e-14
2.63845e-14	1.34349e-14
-2.73641e-14	-1.44737e-14
-4.17332e-13	-2.23658e-13
-2.7767e-14	-1.48492e-14
4.15669e-13	2.22103e-13
-2.84962e-14	-1.52903e-14
-2.93447e-14	-1.6375e-14
-2.88528e-14	-1.59549e-14
2.77272e-14	1.53023e-14
-2.95179e-14	-1.61388e-14
-9.07864e-14	-5.13741e-14
-2.97993e-14	-1.67033e-14
8.82356e-14	4.98939e-14
-3.03822e-14	-1.75208e-14
-3.17425e-14	-1.88975e-14
-3.12442e-14	-1.80882e-14
3.03306e-14	1.75038e-14
-3.16499e-14	-1.86676e-14
-2.26596e-13	-1.36025e-13
-3.24851e-14	-1.93991e-14
2.25177e-13	1.34723e-13
-3.32763e-14	-1.99842e-14
-3.4569e-14	-2.14426e-14
-3.39299e-14	-2.07857e-14
3.25736e-14	2.00048e-14
-3.47897e-14	-2.14066e-14
-1.07427e-13	-6.74844e-14
-3.65642e-14	-2.25466e-14
1.03781e-13	6.48272e-14
-3.67229e-14	-2.50874e-14
-3.7391e-14	-2.69359e-14
-3.57187e-14	-2.52301e-14
3.72211e-14	2.28498e-14
-3.72093e-14	-2.486e-14
-1.20749e-12	-8.06477e-13
-3.86869e-14	-2.60009e-14
1.20866e-12	8.06353e-13
-3.97927e-14	-2.70836e-14
-4.20311e-14	-2.93587e-14
-4.10186e-14	-2.83633e-14
3.98237e-14	2.71673e-14
-4.21497e-14	-2.95392e-14
-1.32139e-13	-9.36292e-14
-4.3694e-14	-3.0688e-14
1.30118e-13	9.0907e-14
-4.49409e-14	-3.21691e-14
-4.82257e-14	-3.53049e-14
-4.63122e-14	-3.3705e-14
4.45776e-14	3.20061e-14
-4.80526e-14	-3.53065e-14
-3.51678e-13	-2.60952e-13
-4.99259e-14	-3.70927e-14
3.48878e-13	2.58242e-13
-5.19217e-14	-3.91119e-14
-5.59717e-14	-4.30877e-14
-5.39963e-14	-4.10623e-14
5.16067e-14	3.89664e-14
-5.6285e-14	-4.34025e-14
-1.79037e-13	-1.40312e-13
-5.88354e-14	-4.60202e-14
1.74192e-13	1.34868e-13
-6.17955e-14	-4.87799e-14
-6.78337e-14	-5.49493e-14
-6.47775e-14	-5.18209e-14
6.12851e-14	4.83952e-14
-6.81633e-14	-5.52552e-14
-1.08549e-12	-8.91343e-13
-7.20927e-14	-5.91275e-14
1.07734e-12	8.81842e-13
-7.64985e-14	-6.36202e-14
-8.66048e-14	-7.36396e-14
-8.14782e-14	-6.85608e-14
7.53481e-14	6.27273e-14
-8.73332e-14	-7.4404e-14
-2.8887e-13	-2.50273e-13
-9.42327e-14	-8.13692e-14
2.74254e-13	2.35078e-13
-1.02194e-13	-8.93569e-14
-1.21234e-13	-1.08258e-13
-1.11745e-13	-9.87822e-14
9.98623e-14	8.69395e-14
-1.23699e-13	-1.1058e-13
-9.78783e-13	-8.89386e-13
-1.38693e-13	-1.25505e-13
9.47918e-13	8.58265e-13
-1.57796e-13	-1.4471e-13
-2.07299e-13	-1.94145e-13
-1.8309e-13	-1.70307e-13
1.46364e-13	1.33618e-13
-2.19131e-13	-2.06278e-13
-8.62187e-13	-8.23304e-13
-2.73865e-13	-2.61034e-13
7.21054e-13	6.82222e-13
-3.67566e-13	-3.54758e-13
-7.09285e-13	-6.96185e-13
-5.68225e-13	-5.55368e-13
4.9552e-15	-7.56986e-15
-1.41086e-12	-1.39805e-12
16	16
