-1.6238e-26	3.35677e-26
-256	-5.29781e-11
1.3421e-27	2.66955e-26
-2.80167e-27	2.79624e-26
-1.87569e-27	2.79186e-26
-3.28233e-27	2.69307e-26
-3.32853e-27	2.67817e-26
-2.41035e-27	2.82613e-26
-2.68557e-27	2.75691e-26
-2.98365e-27	2.64296e-26
-3.94276e-27	2.74205e-26
-5.88085e-28	2.80587e-26
-3.81528e-27	2.67948e-26
-2.14488e-27	2.61692e-26
-7.16668e-27	2.95131e-26
8.73647e-27	2.75744e-26
-5.68754e-27	2.79898e-26
-5.11323e-27	2.79296e-26
-5.44113e-27	2.73911e-26
-5.18866e-27	2.69132e-26
-1.02004e-26	2.01757e-26
-7.50249e-27	2.73125e-26
-1.39437e-27	2.5086e-26
-6.38086e-27	2.38953e-26
-3.74933e-27	2.56301e-26
-1.72358e-26	2.42229e-26
-6.31007e-27	1.3235e-26
-4.15256e-27	2.98734e-26
-1.78572e-26	-8.74632e-27
-9.26758e-27	3.13667e-26
-2.03945e-26	2.64265e-26
-4.63629e-27	2.7767e-26
-6.70119e-27	3.50704e-26
-5.28354e-27	2.36201e-26
-9.46828e-27	3.05575e-26
-1.20781e-26	3.07427e-26
-1.0001e-26	2.22579e-26
-1.08833e-26	3.00156e-26
-1.00412e-26	2.74288e-26
-1.24927e-26	2.52557e-26
-1.13931e-26	2.83707e-26
-1.77681e-26	2.674e-26
-6.63395e-27	2.15173e-26
-2.03069e-27	2.91436e-27
-9.72423e-27	2.26749e-26
-1.30129e-26	2.75533e-26
-1.05368e-26	2.79118e-26
-3.07063e-26	1.30139e-27
-1.64692e-26	2.11585e-26
1.9765e-27	2.67826e-26
-9.28846e-27	3.22744e-26
-1.24442e-26	2.33135e-26
-2.31145e-26	2.4819e-26
2.29242e-27	2.1383e-26
-1.55195e-26	1.23603e-26
4.25824e-27	1.7406e-26
-2.62026e-26	3.22713e-26
-7.38675e-26	-5.89822e-26
-1.97216e-26	1.95373e-26
-2.1867e-26	3.15379e-26
-5.47249e-27	1.85301e-26
-4.12226e-27	2.02296e-26
-1.84868e-26	2.27293e-26
-2.27765e-26	2.53259e-26
-2.10033e-26	2.45713e-26
-8.01211e-27	2.62996e-26
-2.33715e-26	1.75536e-26
-6.65727e-27	2.87446e-26
-1.64328e-26	1.96026e-26
-3.7816e-26	4.20173e-26
-1.75886e-26	2.02161e-26
-2.46656e-26	8.02958e-27
-1.89453e-26	2.07389e-26
-1.63856e-26	2.20721e-26
-3.08895e-28	-5.11788e-27
-2.03701e-26	2.33296e-26
-9.01403e-26	6.20429e-26
-2.51302e-26	2.66213e-26
-2.4363e-26	2.48421e-26
-2.21159e-26	1.6901e-26
-1.73124e-26	1.99474e-26
-2.07735e-26	1.93872e-26
-5.7152e-26	4.02264e-26
-3.71444e-27	-4.6455e-26
-2.13332e-26	2.44261e-26
-2.06989e-26	1.19513e-26
-1.75694e-26	1.78175e-26
-2.67755e-26	2.77413e-26
-3.30764e-26	6.00694e-27
-2.36006e-26	1.76551e-26
-1.08278e-26	1.90693e-26
-2.10143e-26	-2.19312e-26
-1.37631e-26	7.94832e-27
-3.89824e-26	2.41488e-26
-2.37768e-26	5.36996e-27
9.93029e-27	1.04605e-25
-9.76868e-26	-1.04616e-25
-1.45995e-26	1.04169e-26
-1.73495e-26	3.04781e-26
-3.11521e-26	3.11711e-27
-2.04652e-26	2.59329e-26
-2.4646e-26	1.09282e-26
-2.53617e-26	1.51547e-26
-1.60133e-26	1.86365e-26
-3.32391e-26	3.15329e-26
-4.1335e-26	9.66127e-27
-5.21914e-26	2.22081e-26
-5.39218e-26	4.52136e-26
-1.37933e-25	-1.15112e-25
-3.70869e-26	2.02709e-26
-4.37058e-27	1.54153e-26
-4.46169e-26	1.77818e-26
-2.72274e-26	6.35176e-27
-4.42046e-26	4.92042e-27
8.13703e-26	7.45694e-26
4.21315e-26	7.3951e-26
-2.60062e-26	-6.71638e-26
-4.24664e-26	5.41921e-26
-5.08552e-26	7.20909e-27
-7.41559e-26	6.82838e-26
-4.52777e-26	1.04491e-26
-4.0027e-26	3.70519e-27
-4.46797e-26	-6.00892e-27
-6.92421e-26	-4.08034e-26
-4.63565e-26	-2.2129e-26
-3.93644e-26	-9.60014e-27
-2.27621e-26	1.51032e-26
-7.04628e-27	2.73055e-26
-8.22946e-27	1.25272e-26
-4.24058e-26	1.12269e-26
-3.58061e-26	7.8537e-27
-3.12197e-26	-7.42209e-28
-2.78799e-26	-1.23182e-27
2.14398e-26	4.63416e-26
-5.52717e-26	-5.94745e-27
-2.3887e-25	2.00734e-26
-2.93956e-26	-8.59628e-28
-1.51781e-26	1.32085e-26
-1.41665e-27	1.71488e-26
-6.35749e-26	5.74177e-26
-3.1622e-26	3.6212e-28
-4.57872e-26	1.13102e-26
-5.65972e-26	5.92972e-27
-3.75515e-26	-1.11876e-27
-2.13604e-26	3.71479e-26
-9.51802e-26	-1.68075e-25
-1.33076e-26	1.76729e-26
-2.38833e-26	1.7233e-26
-7.43219e-26	1.92295e-26
-5.12134e-26	6.81347e-28
-4.85973e-26	-1.72017e-26
-8.87249e-26	2.95513e-26
4.15802e-27	2.1363e-26
-4.04964e-26	1.23074e-26
-3.80467e-26	1.91369e-26
-3.43626e-26	-2.56742e-26
-3.14465e-26	-1.28754e-27
-3.17443e-26	-7.70402e-27
-2.81812e-26	8.02705e-27
-9.33403e-26	-9.20079e-26
-5.04928e-26	7.18706e-27
-5.89253e-26	-5.82447e-27
-8.40844e-26	7.9871e-26
-5.10871e-26	-7.71935e-27
-1.85464e-26	-8.21135e-27
-6.5445e-26	3.85874e-27
-7.89346e-26	-5.50151e-26
-4.41647e-26	-2.87467e-27
-3.24112e-26	-5.21251e-27
-3.55384e-26	-8.69446e-27
-4.45931e-26	-2.07363e-26
-2.3215e-25	-2.22007e-25
-4.58937e-26	-6.44549e-27
-3.60941e-26	9.42106e-27
-8.40414e-26	-1.44956e-25
-3.91992e-26	-6.63765e-28
-2.84767e-26	-2.29684e-27
-4.87957e-26	-1.44354e-26
-2.9017e-26	-1.44769e-26
-4.76789e-26	-1.74056e-26
-5.76163e-26	-7.22652e-27
1.89755e-27	-5.92099e-27
-3.52215e-25	-8.51101e-27
-5.59814e-26	-3.48132e-26
-4.80707e-26	-2.49266e-26
-1.05229e-25	-6.53991e-28
-1.69067e-26	-3.16535e-27
-4.53245e-26	-2.37025e-26
-6.69699e-26	-1.22276e-26
1.04526e-25	1.59877e-25
-8.2055e-26	-2.83925e-26
-3.53396e-26	-2.40822e-26
-1.75032e-25	1.28568e-25
5.04809e-27	9.02807e-26
-5.0169e-26	2.46862e-27
-6.33579e-26	9.26454e-27
-4.33594e-26	4.79968e-27
3.21511e-26	1.11097e-26
-3.95999e-26	-2.13404e-26
-5.49242e-26	-4.305e-26
-1.98259e-25	-4.55705e-26
-1.862e-27	-8.01305e-26
-6.45719e-26	-3.93172e-26
9.93699e-26	1.66348e-25
1.58335e-26	-7.29475e-27
-3.76116e-26	-7.51586e-27
-2.42121e-26	-4.78598e-26
-7.24502e-26	-3.7936e-27
1.24348e-26	-7.11761e-26
-9.58545e-26	-5.98141e-26
-1.03173e-25	-7.2182e-26
-1.02641e-26	-2.98276e-26
7.69199e-26	2.82528e-26
-1.43465e-25	-2.13948e-26
-4.51565e-26	-3.83598e-26
5.37139e-26	-4.73251e-26
2.05467e-25	1.10782e-25
-2.14062e-26	-7.19553e-26
-8.6035e-26	-4.63383e-26
-5.3551e-26	-4.38691e-26
-4.03185e-26	-9.03254e-26
-5.31532e-26	-6.8902e-27
-1.2568e-25	-6.782e-26
-6.01308e-25	-4.17956e-26
-4.19209e-26	5.25511e-26
-2.60931e-26	-6.43734e-26
-7.96652e-26	-5.18322e-27
-6.24262e-26	-8.71629e-27
-4.86053e-26	-9.20849e-26
-2.61703e-26	-4.59501e-26
-1.09924e-25	-3.64887e-26
-4.59077e-26	-5.38611e-26
-3.73502e-26	2.57441e-26
-5.42318e-26	3.63007e-26
-1.26486e-25	-6.67241e-26
6.09684e-26	6.99785e-26
-7.35385e-26	-5.18166e-26
-3.37161e-26	-5.95312e-26
1.07752e-25	-1.79763e-25
-3.89082e-26	-2.84056e-26
-4.02773e-26	-7.97743e-26
-2.82784e-26	-8.95685e-26
2.74228e-26	-1.17009e-25
1.60459e-25	3.57055e-26
-7.60864e-26	-9.00043e-26
-4.34432e-27	-3.34863e-26
-8.03161e-26	-1.32425e-26
-3.39084e-26	-1.20673e-25
-5.30665e-26	-1.15981e-25
-3.65213e-26	-1.13086e-25
-6.40226e-26	-4.40975e-26
-3.7774e-26	-8.31215e-26
-7.31113e-26	-5.92035e-26
-3.75462e-26	-7.05072e-26
-1.83016e-26	-8.48286e-26
-1.25272e-26	-5.69903e-26
-4.36395e-26	-3.8505e-26
-7.57684e-26	-6.11429e-26
-9.20059e-27	-9.77194e-26
-7.69997e-26	-1.18502e-25
-4.20496e-26	-5.63644e-26
-2.30807e-26	7.84018e-26
-2.89595e-26	-9.63196e-26
-6.55359e-26	-6.83265e-26
-2.37517e-27	-3.0128e-26
-8.10651e-26	-8.12545e-26
-6.99329e-26	-2.13819e-25
-1.16542e-25	-5.89267e-26
-3.35197e-26	-6.03053e-26
-1.52515e-26	-8.8235e-26
1.1732e-25	4.33219e-26
-1.20314e-25	-1.14627e-25
-1.27068e-25	-5.82237e-26
-3.19366e-26	-1.17292e-25
-1.73486e-26	-1.14501e-26
-3.7073e-26	-1.13711e-25
-7.79913e-26	-8.21034e-26
-5.03056e-26	-1.11366e-25
-5.0806e-26	-5.37926e-26
1.90412e-26	-5.86996e-26
-4.9449e-26	-9.30292e-26
6.62552e-27	-1.96826e-25
5.53852e-26	-7.69455e-26
1.85561e-25	-3.68362e-26
-5.78621e-26	-1.0728e-25
-2.0334e-26	-1.41434e-25
1.5955e-25	-5.33107e-26
-7.61492e-26	-3.45486e-26
-2.13232e-25	-8.2428e-26
-2.84002e-26	-1.25343e-25
-3.61212e-26	9.24717e-26
-2.79239e-26	-8.29156e-26
-3.26717e-26	-1.61519e-25
-5.90075e-26	-1.01644e-25
9.97521e-26	-2.37747e-25
2.4202e-26	-1.48743e-25
-5.79007e-26	-1.95118e-25
2.05196e-25	-2.12059e-26
-1.30778e-25	-5.97278e-26
-2.63242e-25	-1.11694e-25
1.97171e-27	-1.16311e-25
9.32796e-26	-3.4728e-26
-1.94367e-26	-1.33552e-25
-7.11225e-27	-1.40123e-25
-1.48983e-25	-2.14606e-25
6.11772e-26	-1.12654e-25
-1.79844e-26	-1.4278e-25
3.69624e-26	-1.26241e-25
4.89559e-27	-1.5608e-25
-2.95334e-26	-1.70276e-25
-2.17436e-26	-1.47074e-25
-5.93733e-27	-1.58976e-25
-1.69871e-26	-1.19437e-25
-2.63308e-26	-1.79945e-25
-2.18285e-26	-1.58056e-25
-1.46705e-26	-1.46828e-25
4.38473e-26	-1.64704e-25
7.25009e-26	-1.45755e-25
1.53943e-25	-3.07417e-28
1.97478e-26	1.47535e-25
-1.70784e-26	-1.77655e-25
2.1296e-26	-1.32035e-25
1.85725e-26	-2.24753e-25
-3.97837e-26	-1.84488e-25
-3.75308e-26	-1.59564e-25
9.31677e-26	-2.11292e-25
3.83087e-26	-2.07621e-25
-2.99043e-26	-1.85888e-25
-6.1057e-27	-1.64881e-25
1.02692e-26	-1.08655e-25
3.68617e-26	-2.02858e-25
-2.39628e-25	-1.07634e-25
5.94053e-26	-1.9242e-25
6.91797e-26	-2.26069e-25
5.18281e-26	-1.82743e-25
5.66504e-26	7.56502e-27
2.91952e-26	-1.48447e-25
7.95897e-27	-1.557e-25
6.85255e-26	-2.31931e-25
4.08003e-26	-1.80189e-25
1.16052e-26	-1.87667e-25
1.01895e-25	-1.96448e-25
5.2636e-25	-8.30196e-26
6.20474e-26	-2.38889e-25
5.26846e-27	-9.1781e-26
-4.78804e-26	-3.02755e-25
9.64277e-26	-2.57093e-25
1.68908e-25	-3.1377e-25
5.49756e-26	5.87065e-26
9.762e-26	-2.14518e-25
-1.55561e-26	-1.94411e-25
8.20241e-26	-2.33594e-25
1.14556e-25	-3.5991e-25
-2.24236e-25	1.1129e-24
-3.75317e-25	-4.24668e-25
-1.67281e-26	-1.07203e-25
-2.38376e-25	-2.88373e-25
4.30552e-25	-2.90008e-25
1.69836e-25	-2.9386e-25
2.00398e-25	-2.01077e-25
1.41215e-25	-3.67655e-25
1.66761e-25	-5.26654e-25
2.38682e-25	-2.88262e-25
1.41738e-26	-2.31581e-25
1.27094e-25	1.07514e-25
4.51999e-25	-1.3776e-25
1.93309e-25	-2.88527e-25
3.69035e-26	-2.24496e-25
1.35017e-24	-1.40821e-24
2.43323e-26	-4.42684e-25
9.52614e-26	-2.83185e-25
1.26565e-25	-3.1054e-25
1.216e-25	-5.14014e-25
6.21706e-26	-2.1819e-25
7.16432e-25	1.01171e-24
2.6338e-25	-3.53661e-25
3.73578e-25	-1.41357e-25
4.58805e-25	6.40889e-25
3.52143e-25	-5.12038e-25
5.25661e-25	2.24164e-27
4.15564e-25	-1.35792e-25
3.0622e-25	-4.6709e-25
2.57803e-25	-4.53117e-25
2.44791e-25	-4.3877e-25
2.47177e-25	-3.89228e-25
2.86177e-25	-4.44435e-25
3.7666e-25	-3.22423e-25
3.75584e-25	-1.09933e-25
-2.32288e-26	-6.9523e-25
3.27875e-25	-4.89032e-25
2.16684e-25	-5.38252e-25
3.70489e-25	-5.03645e-25
3.64741e-25	-7.14288e-25
4.08504e-25	-4.25923e-25
4.8164e-25	-4.01742e-25
1.34713e-24	-3.69911e-25
4.92477e-25	-7.08705e-25
3.41582e-25	-8.44288e-25
1.02369e-24	-4.93756e-25
6.26251e-25	-4.59197e-25
6.29021e-25	-6.47651e-25
7.13858e-25	-6.38255e-25
5.02885e-25	-4.87677e-25
5.19739e-25	-8.36788e-25
7.02075e-25	-6.4207e-25
4.53968e-25	-7.81243e-25
1.90584e-24	1.31291e-24
6.00483e-25	-7.06343e-25
7.68418e-25	-7.00932e-25
6.36468e-25	-8.85221e-25
2.29177e-25	-8.32075e-25
1.11225e-24	-5.21873e-25
1.02071e-24	-7.27898e-25
1.0835e-24	-8.20585e-25
1.29121e-24	-1.34596e-24
7.8347e-25	-9.58283e-25
1.19876e-24	-1.06444e-24
1.15675e-24	-8.82e-25
5.42439e-25	-1.09304e-24
4.94568e-25	-2.62824e-25
6.06253e-25	-6.29518e-25
6.96958e-25	-8.8211e-25
1.05213e-24	-9.67837e-25
8.42417e-25	-1.23905e-24
9.19081e-25	-8.15457e-25
7.10198e-25	-1.93328e-24
1.16484e-24	-1.35813e-24
1.33933e-24	-1.01215e-24
1.31585e-24	-9.9654e-25
1.8513e-24	-1.24872e-24
1.8339e-24	-1.08173e-24
1.60888e-24	-8.60172e-25
1.45124e-24	-8.777e-25
1.41471e-24	-8.18068e-26
1.98244e-24	-1.69036e-24
3.21051e-24	-1.14863e-24
2.34065e-24	-1.17174e-24
3.0214e-24	-1.04697e-24
3.17871e-24	-1.12898e-24
2.78603e-24	-1.78378e-24
2.85302e-24	-1.09097e-24
3.1484e-24	-1.40651e-24
3.0379e-24	-1.45892e-24
2.85397e-24	-1.47926e-24
3.06632e-24	-1.47544e-24
2.31154e-24	-1.43384e-24
4.13956e-24	2.57448e-24
4.11963e-24	-1.80766e-24
4.41178e-24	-1.1514e-24
3.46373e-24	-2.52433e-24
4.24877e-24	-2.25481e-24
4.28377e-24	-2.0945e-24
4.8824e-24	-1.48403e-24
5.25715e-24	-1.40768e-24
4.90437e-24	-2.16989e-24
5.37513e-24	-2.50625e-24
1.37292e-23	-1.12268e-24
5.40814e-24	-1.64548e-24
7.28572e-24	-4.22452e-24
6.8081e-24	-3.05093e-24
7.88384e-24	-1.31836e-24
7.42748e-24	-2.14912e-24
8.40122e-24	-2.65385e-24
9.18134e-24	-3.2873e-24
8.957e-24	-2.01858e-24
1.258e-23	-4.37614e-24
1.11569e-23	-3.33743e-24
1.06805e-23	-3.90458e-24
1.29525e-23	-2.62917e-24
1.21768e-23	-4.64125e-24
1.44186e-23	-5.31651e-24
1.57818e-23	-4.13924e-24
1.685e-23	-4.34987e-24
1.82138e-23	-4.15193e-24
1.92332e-23	-4.4983e-24
2.16832e-23	-5.57462e-24
2.3606e-23	-5.56234e-24
2.5351e-23	-6.27309e-24
2.65863e-23	-6.44456e-24
3.05912e-23	-3.77341e-24
3.01859e-23	-6.01221e-24
3.87889e-23	-8.15585e-24
3.98932e-23	-9.04666e-24
4.25883e-23	-7.96239e-24
5.08005e-23	-8.82299e-24
5.63263e-23	-1.00423e-23
6.4129e-23	-1.05658e-23
7.23544e-23	-1.08291e-23
8.06087e-23	-1.19541e-23
9.16222e-23	-1.28613e-23
1.02589e-22	-1.71022e-23
1.1873e-22	-1.4853e-23
1.40437e-22	-1.76213e-23
1.64943e-22	-1.83166e-23
1.93175e-22	-2.31663e-23
2.25669e-22	-3.38163e-23
2.74918e-22	-2.92795e-23
3.36497e-22	-3.12689e-23
4.12336e-22	-3.43354e-23
5.18186e-22	-4.08153e-23
6.68974e-22	-4.86931e-23
8.73341e-22	-5.79304e-23
1.18839e-21	-6.72429e-23
1.6069e-21	-9.20701e-23
2.30967e-21	-1.15806e-22
3.48615e-21	-1.50558e-22
5.62512e-21	-2.0874e-22
1.00031e-20	-3.05198e-22
2.05353e-20	-4.8159e-22
5.4256e-20	-8.95342e-22
2.57792e-19	-2.3941e-21
256	-5.41645e-08
