-1.26114e-14	1.17868e-14
-8	-8
-1.23996e-14	1.42423e-14
-1.30907e-14	1.24176e-14
-1.32841e-14	1.27773e-14
-1.34831e-14	1.21413e-14
-1.32203e-14	1.21723e-14
-1.368e-14	1.13776e-14
-1.4066e-14	1.28033e-14
-1.36256e-14	1.19997e-14
-1.42666e-14	1.18419e-14
-1.48408e-14	1.13735e-14
-1.37687e-14	1.16604e-14
-1.41282e-14	1.08401e-14
-2.01015e-14	1.82713e-14
-1.12818e-14	1.45287e-14
-1.36154e-14	1.08992e-14
-1.31986e-14	1.02386e-14
-1.50535e-14	1.08073e-14
-1.40192e-14	1.17532e-14
-1.62873e-14	8.27474e-15
-1.70601e-14	1.07271e-14
-1.44893e-14	1.05045e-14
-1.53931e-14	9.59497e-15
-1.55379e-14	1.07671e-14
-1.74075e-14	7.49563e-15
-1.30555e-14	6.73517e-15
-1.46194e-14	1.32011e-14
-9.12378e-15	-1.29855e-15
-1.5714e-14	1.18232e-14
-1.89766e-14	6.90008e-15
-1.62808e-14	1.24046e-14
-1.7457e-14	1.301e-14
-1.58228e-14	8.09292e-15
-1.68286e-14	1.01898e-14
-1.89085e-14	1.00885e-14
-1.62171e-14	9.12757e-15
-1.84991e-14	1.11392e-14
-1.60739e-14	4.80757e-15
-1.70541e-14	8.27734e-15
-1.78906e-14	8.88937e-15
-1.90993e-14	6.24999e-15
-1.78716e-14	5.04533e-15
-1.14986e-14	3.90877e-15
-1.68047e-14	8.40398e-15
-1.63415e-14	8.06039e-15
-1.93279e-14	1.11603e-14
-1.99012e-14	-3.09139e-15
-9.63769e-15	-8.10007e-16
-1.81764e-14	1.34046e-14
-1.99927e-14	7.22057e-15
-1.42332e-14	8.01052e-15
-2.14902e-14	7.76267e-15
-1.10328e-14	8.58103e-15
-1.77796e-14	6.33152e-15
-1.41237e-14	7.12451e-15
-2.35343e-14	9.5297e-15
-2.52773e-14	-2.7689e-14
-2.1436e-14	3.54317e-16
-2.14375e-14	1.83122e-15
-1.60982e-14	7.64081e-15
-1.46714e-14	8.29371e-15
-1.5232e-14	1.58055e-15
-1.93357e-14	5.17685e-15
-2.94302e-14	1.04487e-14
-1.99467e-14	7.11128e-15
-2.25256e-14	3.90009e-15
-1.74537e-14	7.76159e-15
-2.04628e-14	3.89857e-15
-3.2183e-14	1.13572e-14
-2.22964e-14	6.41891e-15
-1.99025e-14	-2.60772e-15
-1.91071e-14	4.85788e-15
-2.06235e-14	3.43258e-16
-1.40298e-14	-2.05044e-15
-1.64803e-14	5.35531e-15
-4.57696e-14	8.32537e-15
-2.47655e-14	4.50551e-15
-1.70451e-14	-3.03577e-17
-2.30394e-14	3.27863e-15
-1.90789e-14	1.00007e-15
-2.07454e-14	2.2096e-15
-3.29686e-14	7.72863e-15
-1.32049e-14	-1.59972e-14
-2.30218e-14	6.48873e-15
-2.20673e-14	-6.55725e-16
-2.3684e-14	3.82333e-15
-2.64593e-14	5.05585e-15
-2.54904e-14	-3.69019e-15
-2.77471e-14	-6.74764e-15
-2.23017e-14	5.12914e-15
-1.31211e-14	-2.00755e-14
-1.52605e-14	-3.09431e-15
-2.8541e-14	-2.23129e-15
-1.5714e-14	3.30682e-15
-2.26483e-14	2.78254e-14
-3.68301e-14	-4.60938e-14
-2.10836e-14	-2.50537e-15
-2.78063e-14	6.93846e-15
-2.55802e-14	-1.2189e-14
-1.33341e-14	-1.84336e-14
-2.46576e-14	-6.67869e-17
-3.62129e-14	2.23185e-14
-2.14525e-14	4.55582e-15
-2.00613e-14	6.65917e-15
-2.63998e-14	-1.02392e-15
-2.32025e-14	5.09315e-15
-3.49746e-14	1.0522e-14
-5.60515e-14	-4.0779e-14
-3.15617e-14	-2.67494e-15
-1.38446e-14	-3.29597e-17
-2.67663e-14	1.17788e-15
-3.0578e-14	-1.06208e-14
-4.35552e-14	-4.97692e-15
8.99194e-15	2.60499e-14
-1.11291e-14	2.24439e-14
-2.8719e-14	-3.70897e-14
-3.24109e-14	1.11191e-14
-3.34656e-14	-4.20475e-15
-3.06823e-14	1.41167e-14
-3.30955e-14	-1.09925e-14
-3.50375e-14	6.3905e-15
-3.64491e-14	-1.4615e-14
-4.21223e-14	-2.39676e-14
-2.89439e-14	-1.37089e-14
-5.4034e-14	-2.10374e-14
-2.69658e-14	-1.17222e-14
-2.52465e-14	-2.50082e-15
-2.44891e-14	1.30083e-15
-3.87054e-14	-5.51707e-15
-3.4086e-14	-5.63243e-15
-3.08386e-14	-8.85121e-15
-1.40573e-14	-2.91735e-14
-4.9017e-14	6.59433e-15
-3.23897e-14	-1.6749e-14
-1.04608e-13	-1.2722e-14
-2.24775e-14	-3.83547e-14
-3.97672e-14	-1.33847e-14
-2.52374e-14	-1.49368e-14
-4.87017e-14	3.68737e-15
-3.41047e-14	-1.31303e-14
-4.12771e-14	-7.36e-15
-4.3905e-14	-1.69083e-14
-3.94589e-14	-1.38995e-14
-5.12056e-14	-2.71367e-14
-6.36626e-14	-5.84854e-14
-3.55102e-14	-1.03806e-14
-2.94695e-14	-1.23032e-14
-5.08101e-14	-8.05335e-15
-4.18346e-14	-1.94801e-14
-5.099e-14	-1.9476e-14
-5.10043e-14	-2.1516e-15
-2.74988e-14	-1.22396e-14
-4.39822e-14	-1.56265e-14
-4.14924e-14	-9.74448e-15
-3.72649e-14	-1.50589e-14
-4.24261e-14	-2.00075e-14
-4.30433e-14	-2.49859e-14
-3.90391e-14	-2.08015e-14
-6.76321e-14	-4.5404e-14
-5.04709e-14	-1.81814e-14
-5.51842e-14	-1.95809e-14
-6.44567e-14	-1.42484e-14
-5.36732e-14	-2.5449e-14
-4.70444e-14	-3.20435e-14
-6.26266e-14	-2.34017e-14
-6.91782e-14	-2.96607e-14
-4.97631e-14	-2.85441e-14
-4.8123e-14	-1.78082e-14
-5.01309e-14	-3.68594e-14
-6.04321e-14	-3.0526e-14
-1.24619e-13	-7.061e-14
-4.65058e-14	-4.17596e-14
-5.25899e-14	-2.20436e-14
-8.17567e-14	-6.9347e-14
-5.23913e-14	-3.63953e-14
-5.11284e-14	-3.87822e-14
-6.92385e-14	-3.8202e-14
-5.97473e-14	-3.78449e-14
-7.71798e-14	-3.95115e-14
-6.66769e-14	-3.42072e-14
-6.91081e-14	-4.32297e-14
-1.54094e-13	-1.54503e-14
-1.16654e-13	-3.5652e-14
-1.02805e-13	-5.7551e-14
-8.23785e-14	-4.87201e-14
-8.42022e-14	-4.2986e-14
-3.90191e-14	-7.06935e-14
-9.28205e-14	-5.71986e-14
-2.22032e-14	-2.30972e-14
-9.57266e-14	-5.56809e-14
-8.20938e-14	-6.66505e-14
-1.05618e-13	-1.97351e-14
-6.5555e-14	-4.59305e-14
-8.77521e-14	-6.64384e-14
-1.33181e-13	-7.1298e-14
-7.56955e-14	-4.33336e-14
-7.60982e-14	-5.42851e-14
-9.81355e-14	-6.84825e-14
-1.24494e-13	-8.04099e-14
-1.43635e-13	-7.75113e-14
-1.17233e-13	-1.13878e-13
-1.05338e-13	-9.19768e-14
-6.27571e-14	-5.96535e-14
-1.05878e-13	-9.56772e-14
-1.25582e-13	-9.24365e-14
-1.21854e-13	-1.04385e-13
-1.11144e-13	-6.4196e-14
-1.38906e-13	-1.24256e-13
-1.90686e-13	-1.22226e-13
-1.56137e-13	-1.11943e-13
-1.50018e-13	-1.43713e-13
-1.28486e-13	-1.37645e-13
-1.88408e-13	-1.08538e-13
-1.93873e-13	-1.57168e-13
-1.61189e-13	-1.90698e-13
-1.27843e-13	-1.5856e-13
-1.95855e-13	-1.89477e-13
-2.16543e-13	-1.30125e-13
-2.10555e-13	-1.39929e-13
-2.17664e-13	-2.07515e-13
-2.37568e-13	-2.14727e-13
-2.85114e-13	-2.27632e-13
-3.92538e-13	-2.09178e-13
-2.77514e-13	-2.34643e-13
-3.19087e-13	-2.81868e-13
-3.2701e-13	-2.90085e-13
-3.47184e-13	-3.06133e-13
-3.71183e-13	-3.4772e-13
-3.6678e-13	-3.25604e-13
-4.38899e-13	-3.95578e-13
-4.5619e-13	-4.29941e-13
-4.75364e-13	-4.56315e-13
-5.36639e-13	-4.59158e-13
-5.98867e-13	-5.49732e-13
-6.08123e-13	-5.99749e-13
-7.02136e-13	-6.75472e-13
-7.75994e-13	-7.66445e-13
-8.74633e-13	-8.63652e-13
-9.55873e-13	-9.29993e-13
-1.06806e-12	-1.01617e-12
-1.22192e-12	-1.2092e-12
-1.3944e-12	-1.41287e-12
-1.58111e-12	-1.61143e-12
-1.9137e-12	-1.89146e-12
-2.26252e-12	-2.24715e-12
-2.73992e-12	-2.71126e-12
-3.39349e-12	-3.38703e-12
-4.32309e-12	-4.28452e-12
-5.64953e-12	-5.62442e-12
-7.725e-12	-7.69577e-12
-1.13855e-11	-1.11739e-11
-1.80171e-11	-1.79792e-11
-3.37281e-11	-3.37337e-11
-8.99085e-11	-8.98873e-11
8	8
