0.0625
0.0506708
0.0253507
0.00563914
0
0.00203663
0.00283491
0.00104412
0
0.000635712
0.0010338
0.000429005
0
0.00031015
0.000537779
0.000235613
0
0.000185833
0.000333884
0.000150965
0
0.000125613
0.00023093
0.000106622
0
9.20438e-005
0.000171999
8.06256e-005
0
7.15309e-005
0.000135336
6.41845e-005
0
5.81804e-005
0.000111173
5.32254e-005
0
4.91039e-005
9.46073e-005
4.56546e-005
0
4.2755e-005
8.29622e-005
4.03111e-005
0
3.82498e-005
7.46885e-005
3.65139e-005
0
3.50585e-005
6.88492e-005
3.38481e-005
0
3.28547e-005
6.48647e-005
3.20565e-005
0
3.14364e-005
6.23781e-005
3.09818e-005
0
3.06836e-005
6.11825e-005
3.0536e-005
0
3.0536e-005
6.11825e-005
3.06836e-005
0
3.09818e-005
6.23781e-005
3.14364e-005
0
3.20565e-005
6.48647e-005
3.28547e-005
0
3.38481e-005
6.88492e-005
3.50585e-005
0
3.65139e-005
7.46885e-005
3.82498e-005
0
4.03111e-005
8.29622e-005
4.2755e-005
0
4.56546e-005
9.46073e-005
4.91039e-005
0
5.32254e-005
0.000111173
5.81804e-005
0
6.41845e-005
0.000135336
7.15309e-005
0
8.06256e-005
0.000171999
9.20438e-005
0
0.000106622
0.00023093
0.000125613
0
0.000150965
0.000333884
0.000185833
0
0.000235613
0.000537779
0.00031015
0
0.000429005
0.0010338
0.000635712
0
0.00104412
0.00283491
0.00203663
0
0.00563914
0.0253507
0.0506708
