8
6.48586
3.24488
0.72181
0
0.260688
0.362869
0.133648
0
0.0813711
0.132327
0.0549127
0
0.0396992
0.0688358
0.0301584
0
0.0237866
0.0427372
0.0193235
0
0.0160785
0.029559
0.0136476
0
0.0117816
0.0220159
0.0103201
0
0.00915596
0.0173229
0.00821562
0
0.00744709
0.0142302
0.00681285
0
0.0062853
0.0121097
0.00584379
0
0.00547264
0.0106192
0.00515982
0
0.00489597
0.00956012
0.00467378
0
0.00448749
0.00881269
0.00433256
0
0.0042054
0.00830268
0.00410323
0
0.00402386
0.0079844
0.00396567
0
0.0039275
0.00783135
0.0039086
0
0.0039086
0.00783135
0.0039275
0
0.00396567
0.0079844
0.00402386
0
0.00410323
0.00830268
0.0042054
0
0.00433256
0.00881269
0.00448749
0
0.00467378
0.00956012
0.00489597
0
0.00515982
0.0106192
0.00547264
0
0.00584379
0.0121097
0.0062853
0
0.00681285
0.0142302
0.00744709
0
0.00821562
0.0173229
0.00915596
0
0.0103201
0.0220159
0.0117816
0
0.0136476
0.029559
0.0160785
0
0.0193235
0.0427372
0.0237866
0
0.0301584
0.0688358
0.0396992
0
0.0549127
0.132327
0.0813711
0
0.133648
0.362869
0.260688
0
0.72181
3.24488
6.48586
